[
  [
    15,
    900
  ],
  [
    44,
    100
  ],
  [
    33,
    124
  ],
  [
    35,
    230
  ],
  [
    37,
    460
  ],
  [
    39,
    335
  ],
  [
    36,
    661
  ],
  [
    32,
    572
  ],
  [
    34,
    396
  ],
  [
    35,
    134
  ],
  [
    12,
    752
  ],
  [
    48,
    489
  ],
  [
    46,
    189
  ],
  [
    44,
    355
  ],
  [
    45,
    664
  ],
  [
    51,
    831
  ],
  [
    10,
    945
  ],
  [
    43,
    254
  ],
  [
    46,
    132
  ],
  [
    38,
    1033
  ],
  [
    39,
    1005
  ]
]

